


                                           Optimization Report
                                      EA31337-Lite-Backtest-v1.070
                                      Tripleafx-FX-Demo (Build 971)

     Symbol          EURUSD (Euro vs US Dollar)
     Period          15 Minutes (M15) 2014.01.02 23:00 - 2014.12.29 23:45 (2014.01.01 - 2014.12.30)
     Model           Every tick (the most precise method based on all available least timeframes)
     Initial deposit 2000.00
     Spread          10
                                          [Optimization Graph]
              Pass Profit Total trades Profit factor Expected Payoff Drawdown $ Drawdown %
                12  -1.38           14          0.85           -0.10       6.50       0.32
                40  -1.42           13          0.84           -0.11       6.50       0.32
                34  -1.42           13          0.84           -0.11       6.50       0.32
                30  -1.42           13          0.84           -0.11       6.50       0.32
                28  -1.42           13          0.84           -0.11       6.50       0.32
                24  -1.42           13          0.84           -0.11       6.50       0.32
                18  -1.42           13          0.84           -0.11       6.50       0.32
                14  -1.42           13          0.84           -0.11       6.50       0.32
                 8  -1.42           13          0.84           -0.11       6.50       0.32
                 2  -1.42           13          0.84           -0.11       6.50       0.32
                42  -2.68           11          0.64           -0.24       6.50       0.32
                38  -2.68           11          0.64           -0.24       6.50       0.32
                36  -2.68           11          0.64           -0.24       6.50       0.32
                32  -2.68           11          0.64           -0.24       6.50       0.32
                26  -2.68           11          0.64           -0.24       6.50       0.32
                22  -2.68           11          0.64           -0.24       6.50       0.32
                20  -2.68           11          0.64           -0.24       6.50       0.32
                16  -2.68           11          0.64           -0.24       6.50       0.32
                10  -2.68           11          0.64           -0.24       6.50       0.32
                 6  -2.68           11          0.64           -0.24       6.50       0.32
                39  -4.92           12          0.54           -0.41      12.76       0.64
                35  -4.92           12          0.54           -0.41      12.76       0.64
                33  -4.92           12          0.54           -0.41      12.76       0.64
                29  -4.92           12          0.54           -0.41      12.76       0.64
                23  -4.92           12          0.54           -0.41      12.76       0.64
                19  -4.92           12          0.54           -0.41      12.76       0.64
                17  -4.92           12          0.54           -0.41      12.76       0.64
                13  -4.92           12          0.54           -0.41      12.76       0.64
                 3  -4.92           12          0.54           -0.41      12.76       0.64
                43  -5.18           11          0.47           -0.47       9.07       0.45
                41  -5.18           11          0.47           -0.47       9.07       0.45
                37  -5.18           11          0.47           -0.47       9.07       0.45
                31  -5.18           11          0.47           -0.47       9.07       0.45
                27  -5.18           11          0.47           -0.47       9.07       0.45
                25  -5.18           11          0.47           -0.47       9.07       0.45
                21  -5.18           11          0.47           -0.47       9.07       0.45
                15  -5.18           11          0.47           -0.47       9.07       0.45
                11  -5.18           11          0.47           -0.47       9.07       0.45
                 5  -5.18           11          0.47           -0.47       9.07       0.45
                 1  -7.99           14          0.26           -0.57      11.27       0.56
                 4  -8.68           11          0.14           -0.79       9.50       0.47
                 7  -8.81           94          0.87           -0.09      37.04       1.83
                 9  -9.78           12          0.13           -0.81      12.56       0.63
